0 0.24375 0.36953125 0.0984375 0.0859375
0 0.08046875 0.37109375 0.12421875 0.0984375
0 0.4671875 0.365625 0.11484375 0.1109375
0 0.0546875 0.60859375 0.08046875 0.06796875
0 0.196875 0.60859375 0.0671875 0.05390625
0 0.3703125 0.6265625 0.05703125 0.05390625
0 0.4765625 0.61953125 0.07890625 0.053125
0 0.459375 0.83203125 0.1171875 0.0734375
0 0.06875 0.82578125 0.103125 0.09453125
0 0.20625 0.83046875 0.12734375 0.071875
0 0.60546875 0.32890625 0.06640625 0.075
0 0.5984375 0.4953125 0.08828125 0.07578125
0 0.59765625 0.6734375 0.07421875 0.06015625
0 0.709375 0.6796875 0.08203125 0.06640625
0 0.70546875 0.4875 0.04921875 0.04375
0 0.70625 0.34921875 0.0703125 0.0609375
0 0.8078125 0.3703125 0.06640625 0.071875
0 0.81640625 0.54140625 0.09296875 0.0734375
0 0.81328125 0.703125 0.06796875 0.06171875
0 0.9078125 0.67578125 0.06015625 0.0484375
0 0.921875 0.51328125 0.06953125 0.05859375
0 0.93046875 0.33671875 0.06953125 0.05625