0 0.0796875 0.271875 0.11875 0.128125
0 0.246875 0.275 0.1796875 0.109375
0 0.44453125 0.50546875 0.15625 0.12109375
0 0.18046875 0.521875 0.12734375 0.10078125
0 0.07421875 0.73125 0.09921875 0.12109375
0 0.44765625 0.73125 0.0546875 0.06328125
0 0.596875 0.59609375 0.09453125 0.09453125
0 0.6 0.79375 0.0796875 0.1046875
0 0.70390625 0.71171875 0.07578125 0.06953125
0 0.8125 0.73984375 0.10234375 0.071875
0 0.921875 0.77578125 0.06953125 0.08359375
0 0.815625 0.57890625 0.08515625 0.090625
0 0.81328125 0.41328125 0.09140625 0.08671875
0 0.92109375 0.43046875 0.09453125 0.06640625
0 0.6109375 0.43671875 0.0625 0.053125
0 0.4375 0.315625 0.0375 0.0546875
0 0.4703125 0.315625 0.02890625 0.040625
0 0.40703125 0.315625 0.03046875 0.0359375